INDEX NOMINUM

Νοέ μρβιος 60,8 8169, 91849
5 14 164, 17‘. 16. 61 166,16
21 167, 11 168, 21 174, 20

Νομ ίτωρ 168, 11'

Nm59‚5mwmu
11, 10 15, 63 16, 5. 65 24, 22
40’,’,62046174,6863,6
64,15 84, 8 112,10 136,13
142, 2 169,11.16.16179,27

Νύμφαι 41,10 108,12
Νύσσα 106, 20 122, 6

Man
Mm55mm5m.u
20 47,16 48,4. 18 49,1-4.
9..’.’,,’,11132460166776
29 119, 29. Μάρτιαι 101, 6.
8 106, 13. Ἀπρίλιαι 119, 24
120, 4. Αύ γοῦσται 15·’ ,21
Σεπτέμβριαιγ 169, 12. ’0¹55-
βριαι162,12168,10.Νοε’μ·
βριαι 186,16. Δεκέμβριαι

, m,7

Ξανθικός 60, 292, 26
§50153155317824
Ξνάρις 69, 6

ὈδυσσεύςΒ, 18

Οἰνόμαορ4, 5. 12. 16. 20
ΞὈκτοιβιανύςΙόΟ, 19
Ὀκτάβιος 160, 19

Ὀκτάβριος 48, 2 49, 19 69, 8
159, 3 161, 66³. 21. 162,1.12
163, 3. 1013 164,1 169,10
Ὀλυμπιάς 74, 6149, 8
Ὅμηρος 101, 4

Ὀππική 7, 18

Οράτιος 6316

Ὀρειβάσιος 167, 6

Ὀρφεύς 107,11 109, 18
Ὄσιρις 22, 2 101, 20 109,16
166, 5. 6

Οστία 199, 4

Ούλπιος T'Qawvbs 81, 20
mmmm,w

199

Οὖμβρος 19,16

Οὐρανία 324

Ούξανύς 66,19 117, 1. 6. 26
166, 8171, 2 176, 8

Παγκρατής 108, 7

Παλατῖνος 173, 6

Παλάτιον 10, 21 16,1.12 18,
11 68,4119,10179,2179,6
Πα11ά6ιον 78, 9

Πάμφυλοι 116, 20

Πάν 97, 20 69, 16 166, 19
Πανδώρή 8, 9

Πάνεμος 60, 9

Πάρθος 97,12. 15 -
Πάριαι 48, 17

Πασινύη 17916

Πασιφάη 117, 12

Πανούὶνιος 69, 14

Πατρύνιος 63,12

Παῢνί 60,ι ”

Παχὼν 60, 7
Πελοπόννησος422 191,12
ωωοαω’

Πέλται 139, 22

Πενία 172, 19

Περγαμηνύς 14,14
Περιπατητικός 146, 21
Περίτιος 60,2

Περσεφόνη 106,22168,1
Περσεύς 81, 11

Πέρσης 97,12 90,10 110, 6
155, 23 166, 6 7 9 12 16.
6Η669

Περσινύς 167, 2 179, 20
ΠερσύςΙ 102, 9

Πη1είων 111, 23

Πηλεύς 17812

Πηλούσιον 119,4

Πισαῖος4, 6

Πλακεντια69, 11

Πλειάδες 162, 8 169, 19
Π1ούτων 8919 18 88, 26 114,
16 162, 17 1881

Πολιάς 180,2

Πομπήϊος 5 Μέγας 161,8

 

