INDEX NOMINUM

Ἀμάλθεια 103, 10 104, 28 122,
18 123, 5

Ἀμαρνλλίς 125, 6

Ἀμφιτρίτη 172, 6

Ἀμούλιος 168, 11

Ἀνάγκη 06, 8 188,10
Ἀνακτορία 122, 12
Ἀνδρομέδα 150, 0
Ἀνθεστηρια 125, 0
Ἀνθεστηριών 50, 24

Ἀνθσνσα 80, 20126, 17
Ἀνθρωπορφαγοι 147,16
mmu,8m‚'wmm
Ἀντέρως 117, 4 11

Ἀντιόχεια 104,10 18
Ἀντώνιος 150,14 178, 24
Ἀπελλαιος 60, 2

Ἀπελλῆς 122, 6

Ἀπόλλων 10,18 21, 10, 20 22,2
33,,’,’,,’11124310550686
107,18110,18124,41,85 8
164, 8 167, 5. 9
Ἀπολλωνιάτης 145, 20
Ἀπρίλιος 6, 22 47, 18 60, 0
114, 11*115, 10118, 5110, 24
Ἀποολία 180,16

Ἀραβες Σκηνῖτοιι 110,18148,
Ἀραβία 107, 0

Ἀρ1200052,1

Ἀρεος πεδίον 02, 28 08, 26
Ἀρης (Mars deus' musque stella)
5,,,106,,25122141620,
151025,,,’,.481156715’
2157,161,18.16.2268,11
75,51480,780,82101,
13, 15, 16. 19. 2002, 2. 712.
14 19 28. 26 03,11 04,11
05,12.15 00,511. 13 112,
10 118, 16. 20. 22 115, 2. 4,
2526 116, 8.7 117,4. 11
118, 81315 168,14 160,16.
18 178, 10

Ἀρης (fluvius) 119, 5. 6
’Ἀρίσταρχος ο ρραμματικός14,

Linus 55. Wuensoh. ’

108

Ἀρκάδες 37, 18. 20. 24 40, 2
Ἀρκαδία 122, 28 164, 12
’Ἀρκτος 66, 2 00, 11

Ἀρσινόη 164,10

Ἀρσιππος 16'4, 10

Ἀρτεμις 10, 1213 28, 22 167,
Ἀρτεμίσιος 60, 2

· Ἀσία 82, 0 107, 10

Ἀσιανός62, 15

Ἀσκληπιός 101,15 16 164,7
Ἀστάρτη 110, 15 117, 5 118, 16
Ἀστερία 82, 8

Ἀστνδάμεωί 178, 18

Ἀσωνίδης 180, 17

Ἀτλαντιιιὴ θαλασσα 10411 145,
6.11 147, 2. 10

Ἀτλας 122, 5 127, 22 129, 4
Ἀτροπος 188, 11, 12

’Ἀτταλος δ Ι15ρναμηνός 14,14
Ἀττική 155, 4165, 15
Ἀττικός 45, 1

&manv
Αίηονσταλιος 170, 3. 4, 6
Αὐνονστειον 163, 6 8
Αὔγουστος Καισαρ 16,11 150,
51618.24151,4,9.11150,
18 178, 24

Αὔγουστος (mensis) 60, 10 140,
18* 150,4. 17 151, 8 158,10
Αὐξιφωτία, ἡ, 149, 20
Αὔξιφίιτια, τοί 159, 8 162, 4
Αίιδοναῖος 60, 2

Αοσονία8, 22

Αὔσωνδ, 20

Αὐρηλία 14,2 10

Ἀφροδίτη (Venus dea eiusque
ο15115)σ,117,.18,101311
11. 16. 16 201825 082,1.
12 41,6 56, 16. 16. 26 57,8
ωωηῃωηῃω.
ωωοσοτωωσωω
ιωοωωωῃωωσ
nmmwmmmm
οωοααωωοῑωηα
smmmemwz

16

 

