111111111ο111111111 201

Σέρβιος Τοῦλλος 162,18 Τηλέγονος 67, 24

Σεπτέμβριος 47,Ῑο 60,8 61,6 Τιβέριος 168,6

168,18*. 16 169,16 161,18 Τιβοάρτιος 108,16 178, 8
Σεπτιγιοάνὸιος 172, 28 Τίγρης 181,13 166,4
Σθενεβοια 178, 11 Τιτᾶνες 107,1

Σιβάν 60, 6 Τιτανικός 171,14 172, 2
Σιβυλλοι 102, 6. 7. 26 108,12. Τίτιος 17,4

16 Τμῶλος 128, 18

Σιβάλλισς 78,17 Τραϊανός 70,14 81, 20 82,6.8
Σικανία 189, 14 Τριοδῖτις 44, 4

Σικανός 16, 20 Τριτογένεια 80, 17 81, 8
1111111111, 1 111, 11 111, 1. Τρίοοο 11, 11 1111

11. 11 111, 11 111, 10 111, 0 Τροοοίς 1ο, 11

Σιοειιοοης 11,18 111, 12 Τροιο 111, 11

Σικυώνιος 87,19. 26 40, 2 Τρωάὸες 166, 8

Σίνων 166,14 Τρωγλοδύται 144,18
Σκηνίτης 110,18 14814 Τρῶες 166, 8

Σκιπίων 74, 6 Τρωϊκός 108, 6

Σκιροφοριάν 69, 22 Τοβί 60, 6

Σκύθης 86, 17. 18. 20 37,10. Τυνδάρεως 186, 612

18-16 Τυρρηνός 16, 18

Σούπερβος 11, 11. 11 Τοοοο 111, 11 1111
Σοφοοαης 111111111 Τορη 1ο, 11. 11, 1ο 101, 20 ”
Σπερχειός 78,0 161, 818. ἔφορος 172,8
Στίλβων 28,17

Στρῆνα 67, 20 Ἥάσπης 61,17

Στρογγύλη 164, 4 Ἤιάτη 11, 8

Σύβαρις 62, 2 ’Ίὴερβορεταῖος 60,1

Συρία 117, 6 Ῥιιεριονίδης 22, 4. 6

Σύρος 128, 20 166, 6 ‘imnum Θῆβαι 82,11
Σύφαξ 142,16 Ὑστάσπης 21,1

Σωκράτης 8,2 8,17 27,12

Σώπατρος 6 τελεοτης 66, 21 Φάβιος 179,17. ὁβοολεντης 70,
’Σωφροσύνη 172, 8 18

- Φοέοοο 1111 111, 11

Ταραντῖνος 84,1 60, 18 Φαίνων 88, 8
Τάρας 68,14 Φαμενάθ 60, 6

Ταρκόνιοςε Πρίσκος 104, 28. Φαραώ 18218

Σούπερβος 87,16. 28 88, 8 Φαρμονθί 60, 7
Ταρπήϊος 178, 8 Φαωφί 60, 6
Τάρταρος 11,1 111, 21 170,0 οέρερ 11, 11
Τεβὲθ 60,4 Φεβροάα 88, 2. 3
Τελεοτορίδης 64,10 Φεβροοᾶλις 8418
Τέννης 178,12 Φεβρουάριος 10, 18 40, 712
Τςοοοοες 111, 12 11, 11 11, 1. 11 00, 14 1ο, 1
1111111111 11,111,1111,1,1.11.11.

 

