ΠΙ
INDEX NOMINUM.

’,455 53, 5 33, 5. 55 43,3 555 53,5. 53
15535385 553, 3 5 33, 53. 34 3334 535, 53 533,
’.553555 555, 5 55 553, 20. 3334 553,5 555,
’.495355 53’3, 33 3553 ’54 1222 120, 5’ 5 535’
59535555, 6’ 35345555, 55, 53 53 53’5, 3 535, 5 54’5, 3 553’
’Ay 5555 533, 5 53 555, 55 555, 55 533, 35

’5953336555 ’,177 16 Atym} 55, 53 533, 35 ’554,5.
,495555 3, 5 3 545, 34 145, 53 ’543, 5. 55
’,4955555 ’,533 5 553,3 553, 35

’45356745 17’7, 7 'Anam 554, 55 120,20 555, 35
’Aonio 60, 4 176,6

(wlff ¹²¹ ¹³ 1⁶ 12200 121, 20 122, 33

§ggfflgffffflffig 5553555 153,13 162,19

Ἀδράστεια 48 15 Αἰθιοπία 107,8 144, 12. 17
Ἀδρια 99 11 146,17.22 147, 0. 10

Ἀδριανός ’,10 73 137, 5 ’1441011 110,16

51643555 (deus 3111351355) 116,1.144146 11, 1
5 119 4 6 5 23 5117539 10, 73. 74

’5139155 170, 7 ,1155639716 67, 76 68,1 118,5

Ἀζούμη 77’, 11 143 6

Αθηνα 4311801613 81814 Afoaooc 51,1

555, 53 3’3 553, 53 33 53’3, 34 4165 6411

17315315 180,7 Α135ἄ910664,7

’535535 53,3 553,5 553, 33 ’Amol 166, ’16

1993 ’,4156335513 10616

'Amatae 33,4 54, 35 53, 35 ’.4555553555 533, 13. 533, 35
553, 55 5353 5 35555355 533’, 55 545, ’33
’51009 60, 6 ’Ἄλκηστις 171,18’

Αἴας 161,11.18.19 'Alumfvn 176,’ 4

Αἰγ 3555531551 07, 4 Ἀλφειός 131, ’11

5165355535 10, 3 33, 7 36, 18 Ἀλφεσίβοια 17817

 

