CONSPEOTUS XCV

155, 25 555151,51-155,1 155, 5-155,5
1555 15 55551. 5551’55515
155,15-15 5551555-15 555 5-11 555
155,,1-15 555 15-155, 55511 11 5515
5 5551 155 15 55 ’55551 15-155, 5555
15-15 55551 155 15-155 55551 155, 15-15 15
15 LXVI 17 LXXXIX 17-180,9ΧΙΝΙ
15-155,1555 51 1515515-15 5111
15 55551. 551. 55 ib 55515
15111155,5-5 5111 15-15 5555
155,5-1 55111 5 551 55-151,5
15 5511 51 5511 55515
155, 15 5515 51-155,5 5551 5515
15-51 555 55551 55. 55 5
1555 555111 1551-15 5551 51 15
15-151, 5 515 5 5555551 55-151,5 15
151, 15. 15 555 55 51 55551 151, 5-15515555
’51,-155 5 55-155, 15 511 ’.5551 11155511
’55551 155,1-1 55515 15 5551
55-155, 5555 5555 155, 5-155, 15
1555-1155551. 5 5555551 5555
515 15 5551555 5551
155, 5-5 555 15-151, 51 55-151,5 55.
’555 551 515 5511. 515 5555
5511 151, 55 515151,1-5 5555
1 5515 ’51 515 ’15-1555515,
5 55515 55 515 5555555511
1515 555155,1-155,555551

 

