200

Πομπίλιος9, 15

Ποντικός 99,18

Ποπᾶυαυ 65, 2

Ποσειδεῶν 59, 24

Ποσειδῶν 4,4 7,4 89, 22 172, 5
Πόρος 172,14

Ποταμία 179,2

Πραινέστιοι· 173, 3

Πρῖμος 91,14

Προμηθεύς 123, 21

Προυσίας 189, 18

Πτολεμαῖος 14,11. ὁΦιλάδελφος
fflmwmma
Πυθαγόρας 9,15
Πυθαγόρειος 27,7

Πύθιος 166, 2

vaque 108,
Πυριφλεγέθων 91, 7167, 21
Πυρόεις 25, 892, 24

Ράμυιτες 17, 4
Ρεά 155, 20

Ῥέμος 168, 10

Ρήγιου 189, 12

Ῥοσάλια 182, 7

Γ. Ροοτιὶιος142, 16
Ρωμαϊκός 13,10 18, 6 74,16
88,7.14102,5112,19
Ῥωμαῖος, 1 11 2,1.12 15 7,
5.1410,1512,..5920.28
13,11‘>14‚112.18.19.21.
2415,,3151717,2.1618,
520, 5 21, 20 24,2.2 2840,
441,4.642,,9,4416458
1447,6,481550,455,5

INDEX NOMINUM

1344161517 187,1 189,
514010143,3144,8.15
147, 714512 150,8.17 151,
1815410158,15159,28
161 ,.822.25162,9165,4.
20168,22169,5 173, 1718
ὲέ55,179, 17 180,10.13.20.
Ρόμη6,228,,59814,13
40,2868,169, 198612 20
89,1990,691,14104,28
112, 14 124, 22. 25 125, 9. 27
126, 16 188, 9. 5 150, 7152,
12. 18. 22 161, 4 165, 7 168,
20173,1

mmmm‚1
Ρωμόλος6, 21 8514910
10,12 12,12 86, 21 101, 8
118 ,6124,14. 21125, 25. 27
126,8141,16150,28268,10
169,12.1415.18180,12
Ῥῶμ5ς 91, 14 104, 22

Σαβάζιοι 1591
affimumoe‚w
Σαβῖνος1, 14. 15 115171851

Σᾶγιος 198,1
Σάλιοι 5516 112, 8

Σαμβήθη 102, 10
Σάμιος 69 12.15108,7
2351156517

Σαραιηνός 157, 8
&mw1‚nm‚w

ἅὼωῡωο
Σαρδόνιος γέλως 87, 28

Σαρδώ 87, 22

5mwmmmw.wffl, ὼ555,5
fismssffl,4nffi4'zmwm‚m
nmmwoewmw,1&ww,4

76, 22 78, 5 81, 22 83, 4. 10 Σεβῆρος 5 βασιλεὺς τῶν Ῥο-

Quffi'wfflssuaes

animvm

55,55ΜΗΗῊ 55ω5,ωμ
εωωω5,ω555, mm5‚nmmm
1uw,ffim,wnmssmwmsmoen

mwnmwmww5,2mfflmmaem,⁹
1nwwmmumn Qffaeffiwmst

 

