196 INDEX NOMINUM

’1166166166 166, 16 ’16666616 161, 6
Ἡροφίλη 103,10 Ἰοοδαία 153,13
Ἠφαιοτιάδες 611661 136, 13 Ἰουδαῖος 103, 4. 9. 16 110, 6. 20
’1166666666 66, 16 66, 6 ’111, 16 16616666 15’5, 1. 5. 11161,1
135,1.12.13.15. 1821 136, ’1062106 49, 19 60ι 10 141,1’5⁸.
61616 16 116,6111,1
Ἡφαίστου πεδίον 164,1 16616ς 143, 6

Ἰούνιος 41, 19 60,10. 11 136,
6116161661 11* 161, 16
Θαμοῦς 60, 6 ’1666166161 63, 13
Θαργηλιῶν 69, 22 Ἱπποδάμεια 4,13. 16. 20
Θάσιος 146,16 ζΙπκόλυτος 118,13
Θ61ξ1έ11616119,16Ἰ6ις 90,12101,9.10.20166,
8166111013 11
Θεοδόσιος 5' μικρός 143, 6 Imvlu 31, 6
&emim 1161661616
6666666161’116,66 ’1661166161611 1616.
Θεσρί 60, 4 24 1,11. 23 16,1 69, 11 103,
Θῆβαι 11502155'1505 82,11 4 123, 1 139,1.0 1315 153,
Θήβηὴ Αἰγυπτία 122, 2 23. 26 166, 8
Θήρα 164,1 Ἰια6116619,16 64,11 103, 4.
Θηρασία 154,1 10
6661611616 166166 61116, 11 116, 16
Θόβρις 168,16 Ἰχθυοφάγοι 141,14
Θ6666116139,16 Ἰο16111103,6
6666616616,61.6616,1661
Θυώνη 101, 13 Καβειριιιός 101, 10
666 66, 6 11616661 161, 6

Κάδμος 2, 4
’1666163 1. 910 64,11 66, 14 Καίλιος 113, 6
66, 5. 11. 13 Καῖσαρ 49, 21 66, 8 142, 2. 9.
Ἰανουᾶριος 10,13 40, 1 41,18 11. 20 22 143, 4 1.10 13, 21
61, 66 50, 6 61, 1 '55,53. 1 166, 66. 111166 1161666 166.
66,10.1668,19 14,1 16, 9 21. Γ αιος ΙοοίιοςΚαισαο 160
142,1 150, 9 162, 4 169, 9.12 20
Ἰάρ ’50, 6 Καλαβρὰ 6116111ιή 46, 4
’116111 6 1161616661,11 16616
:1665'05 123, 23 Καλὲνδαι44, 16 45, 241,3. 5.
’.’1οη 123, 23. 24 616 48, 23 49, 10. 12 14-’11
1161 6616611611 66,6.16’ 6661116616 16,
t·150005051520 11,1 149, 8 16 21 16, 6. Φεβρουαριαι 16
Ιεροσόλυιια 109, 20 110,1 14 19,4.1.11.13.16. Μάρ-
’11661111 τιαι 41, 3 61,.6 Atellata 106
’11161666 16 111,161’16,1.16 116, 6Ϊ
’16616 16116 11, 16 16 111, 16 116,1ο. 1661166
’16666 11, 16 166, 6 6, 6 161, 6. 61 16616. ’105-

 

