INDEX NOMINUM

49, 5-9 55, 7. Φεβρουάριαι
87,3 Μαρτιαι 10515. Mettus
1318.’103v2a1138,14.’10÷5-
λιαι 141, 8. Σεπτέμβριαι 160, 1.

Ὸκτόοβριοιι 164,1. Νοέμμρῖιιι
166,11 167,11

Εἰλείθυια 166, 13

Εἰλήθοια 44,10
Εψψηαωήηω1
Ἑκάτη 41, 10 44, 4 55, 8. 9
Ἐκατομβαῖώνθδθ, 13
Ἔλατος 164,9

Ἐλαφηβολιών 59,11
Ἑλένη 166, 6

Ἑλλάς 1, 3 4, 3. 11 103, 15.
ffmwssm‚nw‚m½‚
418,,,,113018311835
87, 1844, 1650,457,,1417
60,1.1561661,464,867,
11 68,11 87, 8 81, 15 101,13
107,14108,18113,3 118, 8
, 111,1 118, 18 163,17. 18 176,
&mma

Ἑλληνικός 146,11
Ἑλλήσποντος 103,14

’Elaia 60, 5

Ἐμπεδοκλῆς ό φυσικός 16, 3
Ἐνοοὶλιος4, 4

Ἐπιφί 60, 7

Ἐρεχθεός165, 15
Ἑρμαφρόδιτος 117, 14
Ἕρμαια 131, 10
Ἑρμῆς ffer'curius deus eius-
queste
14.16 10, 17 18,10 56,18
57, 4 75, 516 187,17 108,
18 117, 3. 8. 14 117, 11 118,

195

Ἐροος 117, 3. 9 115, 5 171, 8
’6631103 173, 1. 5
Εσπερος 91,1

Ἐστία 80 8 138,14.16.19.11.

14 138, 1. 3168, 4 180,1
Ἐιροῦοιιοι 16, 19
Εὕανδρος1, 15

Εὐ μερίδες 48, 16

Εὔριπος 5, 1. 8. 9. ὁ Χαλκιδι·
κός 36,8

, Εὐρονόμη 117. 7

Εὐρυσθεύς 111, 19
Εὐφράτης 156,15
Εόφροοοοη 111, 7

Ζεός (Iupiter deus eiusque
mw5wmewsaow
11,13.1510,15.1011,130,
m’Qnmwstfflmm
w,amww1fflmw
w,an4mwwss
81,18 85, 4. 6. 10 105,15
106,11 107, 3. 7. 11 108, 18.
111η11661161
1.1.4.13.14.16, 17. 1811
ωμαηπωψω
8,8 133, 14 141, 4. 5 174,16
176,1. 14 183, 8

Ζεφορίιης 91,13

Ζέφυρος 171, 9

Ζώπυρος 156, 13 168,10
Ζοιροαοτρης 11,1

)5,,11810. 1411, Ἥβη 111,5

Ἥλιος 3,13 et passim. δαφοιν·

φόρος καὶ μενοιρχης 171, 11
Ηλίοο πόλις 76,17

614 1,19 5. 8 131, 8. 11. Λό- Ημὲρα 117, 1. 6 135, 7

γιος 119,10
Ἐροθρα 103, 5
Ἐροθραία 1515
Ἐροκίοη 117, 13
Ἔρολος 1,14
Ἐριοισί 91,4

mwwfl‚6wmw,a.

amem,wae‚n
118,18 111, 11 135, 11 136,
11ρ3αιιλῆς 110, 6. 8. 13 111, 4.
10. 15. ἐπιοίιιιος 110, 5

13*

 

